|1|143,6,00000,0000,00,0000,00
|1.1|062,1
|1.1|061,1
|1|144,6,00000,0000,00,0000,00
|1.1|062,1
|1|145,6,00000,0000,00,0000,00
|1.1|062,1
|1.1|061,1
|1|146,6,00000,0000,00,0000,00
|1.1|062,1
|1.1|061,1
|1|161,6,00000,0000,00,0000,00
|1.1|062,1
|1.1|061,1
|1|202,6,00000,0000,00,0000,00
|1.1|062,1
|1.1|061,1
|1|211,6,00000,0000,00,0000,00
|1.1|062,1
|1.1|061,1
|1|269,6,01000,0000,00,0000,00
|1.2|30/06/2026
|1|291,6,00000,0000,00,0000,00
|1.1|062,1
|1.1|061,1
|1|307,6,00000,0000,00,0000,00
|1.1|062,1
|1.1|061,1
|1|314,6,00000,0000,00,0000,00
|1.1|062,1
|1.1|061,1
|1|321,6,01000,0000,00,0000,00
|1.2|02/07/2026
|1|347,6,00000,0000,00,0000,00
|1.1|062,1
|1.1|061,1
|1|381,6,00000,0000,00,0000,00
|1.1|062,1
|1.1|061,1
|1|477,6,00000,0000,00,0000,00
|1.1|062,1
|1.1|061,1
|1|522,6,00000,0000,00,0000,00
|1.1|062,1
|1.1|061,1
|1|530,6,00000,0647,03,0000,00
|1.1|062,1
|1.1|061,1
|1|533,6,00000,0000,00,0000,00
|1.1|062,1
|1.1|061,1
|1|543,6,00000,0000,00,0000,00
|1.1|062,1
|1|616,6,00000,0000,00,0000,00
|1.1|062,1
|1.1|061,1
|1|637,6,01000,0000,00,0000,00
|1.2|29/06/2026
|1|638,6,00000,0000,00,0000,00
|1.1|062,1
|1.1|061,1
|1|648,6,00000,0000,00,0000,00
|1.1|062,1
|1.1|061,1
|1|669,6,00000,0000,00,0000,00
|1.1|062,1
|1.1|061,1
|1|676,6,00000,0000,00,0000,00
|1.1|062,1
|1|681,6,00000,0000,00,0000,00
|1.1|062,1
|1.1|061,1
|1|830,6,00000,0000,00,0000,00
|1.1|062,1
|1.1|061,1
|1|839,6,00000,0000,00,0000,00
|1.1|062,1
|1.1|061,1
|1|892,6,00000,0000,00,0000,00
|1.1|062,1
|1.1|061,1
|1|899,6,00000,0000,00,0000,00
|1.1|062,1
|1.1|061,1
|1|928,6,00000,0000,00,0000,00
|1.1|062,1
|1.1|061,1
|1|936,6,00000,0000,00,0000,00
|1.1|062,1
|1.1|061,1
|1|954,6,00000,0000,00,0000,00
|1.1|062,1
|1.1|061,1
|1|1034,6,00000,0900,05,0000,00
|1.1|062,1
|1|1116,6,00000,0000,00,0000,00
|1.1|062,1
|1.1|061,1
|1|1134,6,00000,0000,00,0000,00
|1.1|062,1
|1.1|061,1
|1|1173,6,00000,0000,00,0000,00
|1.1|062,1
|1.1|061,1
|1|1286,6,00000,0000,00,0000,00
|1.1|062,1
|1.1|061,1
|1|1329,6,00000,0900,05,0000,00
|1.1|062,1
|1.1|061,1
|1|1403,6,00000,0000,00,0000,00
|1.1|062,1
|1.1|061,1
|1|1533,6,01000,0113,01,0000,00
|1.2|29/06/2026
|1|1766,6,01000,0000,00,0000,00
|1.2|03/07/2026
|1|12404,6,00000,0000,00,0000,00
|1.1|062,1
|1.1|061,1
|1|22908,6,00000,0000,00,0000,00
|1.1|062,1
|1.1|061,1
|1|40062,6,00000,0623,03,0000,00
|1.1|062,1
|1.1|061,1
|1|40480,6,01000,0000,00,0000,00
|1.2|03/07/2026
|1|45974,6,00000,0000,00,0000,00
|1.1|062,1
|1.1|061,1
|1|46320,6,01000,0000,00,0000,00
|1.2|02/07/2026
|1|46794,6,00000,0000,00,0000,00
|1.1|062,1
|1.1|061,1
|1|47847,6,00000,0000,00,0000,00
|1.1|062,1
|1.1|061,1
|1|54825,6,00000,0000,00,0000,00
|1.1|062,1
|1.1|061,1
|1|55043,6,00000,0000,00,0000,00
|1.1|062,1
|1.1|061,1
|1|59673,6,00000,0000,00,0000,00
|1.1|062,1
|1.1|061,1
|1|61364,6,02000,0000,00,0000,00
|1.2|02/07/2026
|1.2|03/07/2026
|1|63070,6,00000,0000,00,0000,00
|1.1|062,1
|1.1|061,1
|1|66319,6,01000,0000,00,0000,00
|1.2|29/06/2026
|1|67021,6,00000,0000,00,0000,00
|1.1|062,1
|1.1|061,1
|1|67071,6,00000,0000,00,0000,00
|1.1|062,1
|1.1|061,1
|1|67208,6,00000,0434,02,0000,00
|1.1|062,1
|1.1|061,1
|1|67609,6,00000,0000,00,0000,00
|1.1|062,1
|1.1|061,1
|1|67685,6,00000,0614,03,0000,00
|1.1|062,1
|1.1|061,1
|1|67990,6,01000,0000,00,0000,00
|1.2|03/07/2026
|1|68024,6,00000,0000,00,0000,00
|1.1|062,1
|1.1|061,1
|1|68075,6,00000,0000,00,0000,00
|1.1|062,1
|1.1|061,1
|1|68226,6,00000,0000,00,0000,00
|1.1|062,1
|1.1|061,1
|1|68253,6,01000,0000,00,0000,00
|1.2|03/07/2026
|1|68257,6,00000,0000,00,0000,00
|1.1|062,1
|1.1|061,1
|1|68464,6,00000,0000,00,0000,00
|1.1|062,1
|1.1|061,1
|1|68572,6,01000,0000,00,0000,00
|1.2|03/07/2026
|1|68573,6,00000,0000,00,0000,00
|1.1|062,1
|1.1|061,1
|1|69002,6,00000,0000,00,0000,00
|1.1|062,1
|1.1|061,1
|1|69114,6,00000,0000,00,0000,00
|1.1|062,1
|1.1|061,1
|1|69142,6,00000,0000,00,0000,00
|1.1|062,1
|1|69218,6,03000,0000,00,0000,00
|1.2|01/07/2026
|1.2|02/07/2026
|1.2|03/07/2026
|1|69238,6,04000,0000,00,0000,00
|1.2|29/06/2026
|1.2|30/06/2026
|1.2|01/07/2026
|1.2|03/07/2026
|1|69252,6,00000,0000,00,0000,00
|1.1|062,1
|1.1|061,1
|1|115157,6,00000,0000,00,0000,00
|1.1|062,1
|1|115165,6,00000,0000,00,0000,00
|1.1|062,1
|1.1|061,1
|1|115226,6,00000,0000,00,0000,00
|1.1|062,1
|1.1|061,1
|1|115350,6,00000,0000,00,0000,00
|1.1|062,1
|1.1|061,1
|1|115377,6,00000,0000,00,0000,00
|1.1|062,1
|1.1|061,1
|1|115410,6,00000,0900,05,0000,00
|1.1|062,1
|1.1|061,1
|1|115515,6,00000,0000,00,0000,00
|1.1|062,1
|1.1|061,1
|1|115538,6,00000,0000,00,0000,00
|1.1|062,1
|1.1|061,1
|1|115566,6,01000,0000,00,0000,00
|1.2|01/07/2026
|1|115612,6,00000,0000,00,0000,00
|1.1|062,1
|1.1|061,1
|1|115626,6,01000,0827,04,0000,00
|1.2|02/07/2026
|1|115670,6,00000,0000,00,0000,00
|1.1|062,1
|1.1|061,1
|1|115699,6,00000,0000,00,0000,00
|1.1|062,1
|1.1|061,1
|1|115716,6,00000,0000,00,0000,00
|1.1|062,1
|1.1|061,1
|1|115718,6,02000,0000,00,0000,00
|1.2|02/07/2026
|1.2|03/07/2026
|1|115885,6,02000,0000,00,0000,00
|1.2|29/06/2026
|1.2|30/06/2026
|1|115986,6,00000,0000,00,0000,00
|1.1|062,1
|1.1|061,1
|1|115987,6,01000,0000,00,0000,00
|1.2|02/07/2026
|1|116041,6,00000,0409,02,0000,00
|1.1|062,1
|1.1|061,1
|1|116129,6,00000,0000,00,0000,00
|1.1|062,1
|1.1|061,1
|1|116216,6,00000,0000,00,0000,00
|1.1|062,1
|1.1|061,1
|1|116295,6,00000,0000,00,0000,00
|1.1|062,1
|1.1|061,1
|1|116310,6,00000,0000,00,0000,00
|1.1|062,1
|1.1|061,1
|1|116320,6,00000,0000,00,0000,00
|1.1|062,1
|1.1|061,1
|1|116378,6,00000,0000,00,0000,00
|1.1|062,1
|1.1|061,1
|1|116386,6,00000,0000,00,0000,00
|1.1|062,1
|1.1|061,1
|1|116457,6,00000,0000,00,0000,00
|1.1|062,1
|1.1|061,1
|1|116548,6,01000,0000,00,0000,00
|1.2|01/07/2026
|1|116602,6,00000,0000,00,0000,00
|1.1|062,1
|1.1|061,1
|1|116613,6,00000,0403,02,0000,00
|1.1|062,1
|1.1|061,1
|1|116648,6,00000,0000,00,0000,00
|1.1|062,1
|1.1|061,1
|1|116811,6,01000,0809,04,0000,00
|1.2|03/07/2026
|1|116820,6,00000,0000,00,0000,00
|1.1|062,1
|1.1|061,1
|1|116824,6,00000,0000,00,0000,00
|1.1|062,1
|1.1|061,1
|1|116938,6,01000,0000,00,0000,00
|1.2|29/06/2026
|1|116957,6,00000,0000,00,0000,00
|1.1|062,1
|1|117025,6,00000,0000,00,0000,00
|1.1|062,1
|1.1|061,1
|1|117249,6,01000,0000,00,0000,00
|1.2|29/06/2026
|1|117278,6,00000,0000,00,0000,00
|1.1|062,1
|1.1|061,1
|1|117484,6,00000,0000,00,0000,00
|1.1|062,1
|1.1|061,1
|1|117648,6,01000,0000,00,0000,00
|1.2|29/06/2026
|1|117719,6,00000,0000,00,0000,00
|1.1|062,1
|1.1|061,1
|1|117881,6,00000,0000,00,0000,00
|1.1|062,1
|1.1|061,1
|1|117923,6,00000,0000,00,0000,00
|1.1|062,1
|1.1|061,1
|1|117953,6,00000,0000,00,0000,00
|1.1|062,1
|1.1|061,1
|1|118045,6,00000,0000,00,0000,00
|1.1|062,1
|1.1|061,1
|1|118074,6,01000,0000,00,0000,00
|1.2|03/07/2026
|1|118164,6,00000,0000,00,0000,00
|1.1|062,1
|1.1|061,1
|1|118246,6,00000,0000,00,0000,00
|1.1|062,1
|1.1|061,1
|1|118271,6,02000,0000,00,0000,00
|1.2|02/07/2026
|1.2|03/07/2026
|1|118295,6,00000,0000,00,0000,00
|1.1|062,1
|1.1|061,1
|1|118492,6,00000,0000,00,0000,00
|1.1|062,1
|1.1|061,1
|1|118499,6,00000,0104,01,0000,00
|1.1|062,1
|1.1|061,1
|1|118520,6,00000,0000,00,0000,00
|1.1|062,1
|1.1|061,1
|1|118542,6,00000,0000,00,0000,00
|1.1|062,1
|1.1|061,1
|1|118567,6,00000,0900,05,0000,00
|1.1|062,1
|1.1|061,1
|1|118722,6,00000,0000,00,0000,00
|1.1|062,1
|1|118724,6,00000,0000,00,0000,00
|1.1|062,1
|1.1|061,1
|1|118759,6,01000,0000,00,0000,00
|1.2|29/06/2026
|1|118760,6,00000,0000,00,0000,00
|1.1|062,1
|1.1|061,1
|1|118959,6,00000,0000,00,0000,00
|1.1|062,1
|1.1|061,1
|1|119029,6,01000,0000,00,0000,00
|1.2|30/06/2026
|1|119102,6,00000,0000,00,0000,00
|1.1|062,1
|1|119142,6,00000,0000,00,0000,00
|1.1|062,1
|1|119385,6,00000,0000,00,0000,00
|1.1|062,1
|1.1|061,1
|1|119475,6,00000,0000,00,0000,00
|1.1|062,1
|1.1|061,1
|1|119527,6,00000,0000,00,0000,00
|1.1|062,1
|1.1|061,1
|1|119571,6,02000,0000,00,0000,00
|1.2|29/06/2026
|1.2|02/07/2026
|1|119696,6,02000,0000,00,0000,00
|1.2|29/06/2026
|1.2|30/06/2026
|1|119709,6,00000,0000,00,0000,00
|1.1|062,1
|1.1|061,1
|1|119716,6,01000,0135,01,0000,00
|1.2|03/07/2026
|1|119728,6,00000,0000,00,0000,00
|1.1|062,1
|1.1|061,1
|1|119751,6,01000,0000,00,0000,00
|1.2|01/07/2026
|1|119824,6,00000,0000,00,0000,00
|1.1|062,1
|1.1|061,1
|1|119829,6,00000,0000,00,0000,00
|1.1|062,1
|1.1|061,1
|1|119831,6,00000,0000,00,0000,00
|1.1|062,1
|1|119834,6,00000,0000,00,0000,00
|1.1|062,1
|1|119835,6,00000,0000,00,0000,00
|1.1|062,1
|1.1|061,1
|1|119863,6,02000,0000,00,0000,00
|1.2|29/06/2026
|1.2|03/07/2026
|1|119878,6,00000,0000,00,0000,00
|1.1|062,1
|1.1|061,1
|1|119883,6,01000,0000,00,0000,00
|1.2|29/06/2026
|1|119942,6,00000,0000,00,0000,00
|1.1|062,1
|1.1|061,1
|1|119962,6,00000,0000,00,0000,00
|1.1|062,1
|1.1|061,1
|1|119964,6,01000,0000,00,0000,00
|1.2|02/07/2026
|1|120015,6,00000,0000,00,0000,00
|1.1|062,1
|1.1|061,1
|1|120027,6,00000,0000,00,0000,00
|1.1|062,1
|1.1|061,1
|1|120047,6,01000,0000,00,0000,00
|1.2|29/06/2026
|1|120048,6,01000,0000,00,0000,00
|1.2|29/06/2026
|1|120063,6,00000,0000,00,0000,00
|1.1|062,1
|1.1|061,1
|1|120065,6,00000,0000,00,0000,00
|1.1|062,1
|1.1|061,1
|1|120126,6,00000,0558,03,0000,00
|1.1|062,1
|1.1|061,1
|1|120151,6,00000,0000,00,0000,00
|1.1|062,1
|1.1|061,1
|1|120191,6,00000,0312,02,0000,00
|1.1|062,1
|1|120207,6,00000,0000,00,0000,00
|1.1|062,1
|1.1|061,1
|1|120222,6,01000,0000,00,0000,00
|1.2|29/06/2026
|1|120229,6,00000,0438,02,0000,00
|1.1|062,1
|1.1|061,1
|1|120233,6,00000,0000,00,0000,00
|1.1|062,1
|1.1|061,1
|1|130013,6,00000,0000,00,0000,00
|1.1|062,1
|1.1|061,1
|1|130042,6,01000,0000,00,0000,00
|1.2|03/07/2026
|1|130043,6,01000,0632,03,0000,00
|1.2|30/06/2026
|1|130065,6,00000,0000,00,0000,00
|1.1|062,1
|1.1|061,1
|1|130129,6,01000,0406,02,0000,00
|1.2|29/06/2026
|1|130195,6,02000,0000,00,0000,00
|1.2|29/06/2026
|1.2|01/07/2026
|1|130245,6,00000,0000,00,0000,00
|1.1|062,1
|1.1|061,1
|1|130259,6,00000,0000,00,0000,00
|1.1|062,1
|1.1|061,1
|1|130260,6,00000,0000,00,0000,00
|1.1|062,1
|1.1|061,1
|1|130999,6,01000,0000,00,0000,00
|1.2|30/06/2026
|1|131014,6,00000,0000,00,0000,00
|1.1|062,1
|1.1|061,1
|1|131022,6,00000,0000,00,0000,00
|1.1|062,1
|1.1|061,1
|1|131027,6,00000,0000,00,0000,00
|1.1|062,1
|1.1|061,1
|1|131118,6,00000,0232,01,0000,00
|1.1|062,1
|1.1|061,1
|1|131122,6,01000,0824,04,0000,00
|1.2|30/06/2026
|1|131146,6,00000,0000,00,0000,00
|1.1|062,1
|1.1|061,1
|1|131157,6,00000,0000,00,0000,00
|1.1|062,1
|1.1|061,1
|1|131161,6,00000,0000,00,0000,00
|1.1|062,1
|1|131166,6,00000,0000,00,0000,00
|1.1|062,1
|1.1|061,1
|1|131184,6,00000,0000,00,0000,00
|1.1|062,1
|1.1|061,1
|1|131191,6,00000,0000,00,0000,00
|1.1|062,1
|1.1|061,1
|1|131207,6,00000,0000,00,0000,00
|1.1|062,1
|1.1|061,1
|1|131263,6,01000,0000,00,0000,00
|1.2|03/07/2026
|1|131283,6,00000,0000,00,0000,00
|1.1|062,1
|1.1|061,1
|1|131341,6,00000,0000,00,0000,00
|1.1|062,1
|1.1|061,1
|1|131372,6,00000,0000,00,0000,00
|1.1|062,1
|1.1|061,1
|1|131406,6,01000,0000,00,0000,00
|1.2|29/06/2026
|1|131458,6,00000,0000,00,0000,00
|1.1|062,1
|1.1|061,1
|1|131507,6,01000,0000,00,0000,00
|1.2|02/07/2026
|1|131512,6,02000,0000,00,0000,00
|1.2|02/07/2026
|1.2|03/07/2026
|1|131527,6,01000,0000,00,0000,00
|1.2|30/06/2026
|1|131535,6,01000,0421,02,0000,00
|1.2|30/06/2026
|1|131542,6,00000,0900,05,0000,00
|1.1|062,1
|1.1|061,1
|1|131572,6,00000,0000,00,0000,00
|1.1|062,1
|1.1|061,1
|1|131585,6,00000,0000,00,0000,00
|1.1|062,1
|1.1|061,1
|1|131599,6,00000,0000,00,0000,00
|1.1|062,1
|1.1|061,1
|1|131621,6,02000,0000,00,0000,00
|1.2|01/07/2026
|1.2|03/07/2026
|1|131634,6,01000,0000,00,0000,00
|1.2|03/07/2026
|1|131654,6,00000,0000,00,0000,00
|1.1|062,1
|1.1|061,1
|1|131727,6,01000,0000,00,0000,00
|1.2|29/06/2026
|1|131732,6,01000,0000,00,0000,00
|1.2|02/07/2026
|1|131774,6,00000,0000,00,0000,00
|1.1|062,1
|1.1|061,1
|1|131804,6,00000,0000,00,0000,00
|1.1|062,1
|1.1|061,1
|1|131835,6,00000,0000,00,0000,00
|1.1|062,1
|1.1|061,1
|1|131863,6,00000,0604,03,0000,00
|1.1|062,1
|1.1|061,1
|1|131881,6,00000,0000,00,0000,00
|1.1|062,1
|1|131888,6,03000,0000,00,0000,00
|1.2|29/06/2026
|1.2|30/06/2026
|1.2|01/07/2026
|1|131932,6,00000,0000,00,0000,00
|1.1|062,1
|1.1|061,1
|1|131942,6,00000,0000,00,0000,00
|1.1|062,1
|1.1|061,1
|1|131951,6,00000,0859,04,0000,00
|1.1|062,1
|1.1|061,1
|1|131974,6,00000,0000,00,0000,00
|1.1|062,1
|1.1|061,1
|1|131989,6,00000,0000,00,0000,00
|1.1|062,1
|1.1|061,1
|1|132002,6,00000,0000,00,0000,00
|1.1|062,1
|1.1|061,1
|1|132047,6,01000,0000,00,0000,00
|1.2|29/06/2026
|1|132059,6,00000,0000,00,0000,00
|1.1|062,1
|1.1|061,1
|1|132110,6,00000,0000,00,0000,00
|1.1|062,1
|1.1|061,1
|1|132136,6,01000,0900,04,0000,00
|1.2|02/07/2026
|1|132199,6,00000,0000,00,0000,00
|1.1|062,1
|1.1|061,1
|1|132215,6,00000,0000,00,0000,00
|1.1|062,1
|1.1|061,1
|1|132253,6,00000,0000,00,0000,00
|1.1|062,1
|1.1|061,1
|1|132312,6,00000,0628,03,0000,00
|1.1|062,1
|1.1|061,1
|1|132325,6,00000,0000,00,0000,00
|1.1|062,1
|1.1|061,1
|1|132335,6,00000,0837,04,0000,00
|1.1|062,1
|1|132355,6,01000,0000,00,0000,00
|1.2|03/07/2026
|1|132382,6,00000,0000,00,0000,00
|1.1|062,1
|1.1|061,1
|1|132416,6,00000,0000,00,0000,00
|1.1|062,1
|1.1|061,1
|1|132460,6,00000,0435,02,0000,00
|1.1|062,1
|1.1|061,1
|1|132468,6,00000,0000,00,0000,00
|1.1|062,1
|1.1|061,1
|1|132490,6,02000,0000,00,0000,00
|1.2|29/06/2026
|1.2|02/07/2026
|1|132510,6,00000,0000,00,0000,00
|1.1|062,1
|1.1|061,1
|1|132520,6,03000,0000,00,0000,00
|1.2|01/07/2026
|1.2|02/07/2026
|1.2|03/07/2026
|1|132524,6,00000,0000,00,0000,00
|1.1|062,1
|1|132531,6,00000,0000,00,0000,00
|1.1|062,1
|1.1|061,1
|1|132595,6,00000,0305,02,0000,00
|1.1|062,1
|1|132606,6,01000,0000,00,0000,00
|1.2|02/07/2026
|1|132608,6,00000,0403,02,0000,00
|1.1|062,1
|1.1|061,1
|1|132630,6,01000,0000,00,0000,00
|1.2|03/07/2026
|1|132631,6,01000,0000,00,0000,00
|1.2|03/07/2026
|1|132653,6,00000,0000,00,0000,00
|1.1|062,1
|1.1|061,1
|1|132659,6,00000,0000,00,0000,00
|1.1|062,1
|1.1|061,1
|1|132668,6,00000,0000,00,0000,00
|1.1|062,1
|1.1|061,1
|1|132685,6,01000,0000,00,0000,00
|1.2|01/07/2026
|1|132692,6,00000,0000,00,0000,00
|1.1|062,1
|1.1|061,1
|1|132696,6,00000,0000,00,0000,00
|1.1|062,1
|1.1|061,1
|1|132697,6,00000,0000,00,0000,00
|1.1|062,1
|1.1|061,1
|1|132702,6,00000,0000,00,0000,00
|1.1|062,1
|1.1|061,1
|1|132705,6,00000,0000,00,0000,00
|1.1|062,1
|1.1|061,1
|1|132715,6,00000,0000,00,0000,00
|1.1|062,1
|1|132719,6,00000,0000,00,0000,00
|1.1|062,1
|1.1|061,1
|1|132723,6,00000,0000,00,0000,00
|1.1|062,1
|1.1|061,1
|1|132724,6,00000,0000,00,0000,00
|1.1|062,1
|1.1|061,1
|1|132735,6,00000,0000,00,0000,00
|1.1|062,1
|1.1|061,1
|1|132744,6,00000,0000,00,0000,00
|1.1|062,1
|1.1|061,1
|1|132745,6,00000,0000,00,0000,00
|1.1|062,1
|1.1|061,1
|1|132748,6,01000,0000,00,0000,00
|1.2|02/07/2026
|1|132757,6,01000,0000,00,0000,00
|1.2|03/07/2026
|1|132788,6,00000,0000,00,0000,00
|1.1|062,1
|1.1|061,1
|1|132802,6,00000,0217,01,0000,00
|1.1|062,1
|1.1|061,1
|1|132821,6,00000,0000,00,0000,00
|1.1|062,1
|1.1|061,1
|1|132822,6,00000,0000,00,0000,00
|1.1|062,1
|1.1|061,1
|1|132823,6,00000,0000,00,0000,00
|1.1|062,1
|1.1|061,1
|1|132827,6,01000,0000,00,0000,00
|1.2|29/06/2026
|1|132842,6,00000,0000,00,0000,00
|1.1|062,1
|1.1|061,1
|1|132848,6,01000,0000,00,0000,00
|1.2|03/07/2026
|1|132858,6,00000,0000,00,0000,00
|1.1|062,1
|1.1|061,1
|1|132863,6,00000,0000,00,0000,00
|1.1|062,1
|1.1|061,1
|1|132866,6,00000,0000,00,0000,00
|1.1|062,1
|1.1|061,1
|1|132899,6,00000,0000,00,0000,00
|1.1|062,1
|1.1|061,1
|1|132923,6,00000,0000,00,0000,00
|1.1|062,1
|1.1|061,1
|1|132948,6,00000,0000,00,0000,00
|1.1|062,1
|1.1|061,1
|1|132950,6,00000,0402,02,0000,00
|1.1|062,1
|1.1|061,1
|1|132951,6,01000,0000,00,0000,00
|1.2|29/06/2026
|1|132961,6,00000,0000,00,0000,00
|1.1|062,1
|1.1|061,1
|1|132965,6,00000,0000,00,0000,00
|1.1|062,1
|1.1|061,1
|1|132967,6,00000,0000,00,0000,00
|1.1|062,1
|1.1|061,1
|1|132984,6,02000,0000,00,0000,00
|1.2|02/07/2026
|1.2|03/07/2026
|1|132993,6,01000,0000,00,0000,00
|1.2|03/07/2026
|1|132996,6,00000,0000,00,0000,00
|1.1|062,1
|1.1|061,1
|1|132999,6,01000,0000,00,0000,00
|1.2|30/06/2026
|1|133002,6,00000,0000,00,0000,00
|1.1|062,1
|1.1|061,1
|1|133008,6,01000,0000,00,0000,00
|1.2|30/06/2026
|1|133046,6,01000,0000,00,0000,00
|1.2|03/07/2026
|1|133049,6,00000,0000,00,0000,00
|1.1|062,1
|1.1|061,1
|1|133071,6,00000,0000,00,0000,00
|1.1|062,1
|1.1|061,1
|1|140002,6,01000,0000,00,0000,00
|1.2|01/07/2026
|1|140012,6,00000,0000,00,0000,00
|1.1|062,1
|1.1|061,1
|1|140048,6,00000,0803,04,0000,00
|1.1|062,1
|1.1|061,1
|1|140106,6,00000,0000,00,0000,00
|1.1|062,1
|1.1|061,1
|1|140148,6,00000,0000,00,0000,00
|1.1|062,1
|1.1|061,1
|1|140149,6,00000,0000,00,0000,00
|1.1|062,1
|1.1|061,1
|1|140159,6,00000,0000,00,0000,00
|1.1|062,1
|1.1|061,1
|1|140423,6,00000,0000,00,0000,00
|1.1|062,1
|1.1|061,1
|1|140434,6,01000,0000,00,0000,00
|1.2|29/06/2026
|1|140443,6,01000,0000,00,0000,00
|1.2|02/07/2026
|1|140444,6,00000,0000,00,0000,00
|1.1|062,1
|1.1|061,1
|1|140461,6,00000,0000,00,0000,00
|1.1|062,1
|1.1|061,1
|1|140464,6,00000,0000,00,0000,00
|1.1|062,1
|1.1|061,1
|1|140501,6,00000,0000,00,0000,00
|1.1|062,1
|1.1|061,1
|1|140519,6,00000,0000,00,0000,00
|1.1|062,1
|1|140527,6,01000,0000,00,0000,00
|1.2|29/06/2026
|1|140535,6,00000,0000,00,0000,00
|1.1|062,1
|1.1|061,1
|1|140569,6,00000,0000,00,0000,00
|1.1|062,1
|1.1|061,1
|1|140692,6,00000,0000,00,0000,00
|1.1|062,1
|1.1|061,1
|1|140702,6,00000,0000,00,0000,00
|1.1|062,1
|1.1|061,1
|1|140706,6,00000,0000,00,0000,00
|1.1|062,1
|1.1|061,1
|1|140708,6,00000,0900,03,0000,00
|1.1|062,1
|1.1|061,1
|1|140732,6,00000,0000,00,0000,00
|1.1|062,1
|1.1|061,1
|1|140734,6,00000,0000,00,0000,00
|1.1|062,1
|1.1|061,1
|1|140741,6,00000,0000,00,0000,00
|1.1|062,1
|1.1|061,1
|1|140777,6,00000,0000,00,0000,00
|1.1|062,1
|1.1|061,1
|1|140778,6,01000,0000,00,0000,00
|1.2|03/07/2026
|1|140787,6,03000,0000,00,0000,00
|1.2|29/06/2026
|1.2|30/06/2026
|1.2|03/07/2026
|1|140822,6,00000,0000,00,0000,00
|1.1|062,1
|1.1|061,1
|1|140857,6,01000,0000,00,0000,00
|1.2|01/07/2026
|1|140865,6,00000,0000,00,0000,00
|1.1|062,1
|1.1|061,1
|1|140876,6,00000,0000,00,0000,00
|1.1|062,1
|1.1|061,1
|1|140885,6,01000,0000,00,0000,00
|1.2|03/07/2026
|1|140899,6,00000,0000,00,0000,00
|1.1|062,1
|1.1|061,1
|1|140920,6,00000,0000,00,0000,00
|1.1|062,1
|1.1|061,1
|1|140928,6,00000,0000,00,0000,00
|1.1|062,1
|1|140929,6,00000,0000,00,0000,00
|1.1|062,1
|1.1|061,1
|1|140931,6,01000,0000,00,0000,00
|1.2|03/07/2026
|1|140934,6,03000,0000,00,0000,00
|1.2|01/07/2026
|1.2|02/07/2026
|1.2|03/07/2026
|1|140936,6,01000,0000,00,0000,00
|1.2|03/07/2026
|1|140945,6,04000,0000,00,0000,00
|1.2|30/06/2026
|1.2|01/07/2026
|1.2|02/07/2026
|1.2|03/07/2026
|1|140971,6,01000,0000,00,0000,00
|1.2|02/07/2026
|1|140974,6,00000,0000,00,0000,00
|1.1|062,1
|1.1|061,1
|1|140976,6,01000,0000,00,0000,00
|1.2|30/06/2026
|1|140998,6,00000,0000,00,0000,00
|1.1|062,1
|1.1|061,1
|1|141003,6,00000,0000,00,0000,00
|1.1|062,1
|1.1|061,1
|1|141009,6,00000,0000,00,0000,00
|1.1|062,1
|1.1|061,1
|1|141019,6,00000,0000,00,0000,00
|1.1|062,1
|1.1|061,1
|1|141029,6,01000,0000,00,0000,00
|1.2|29/06/2026
|1|141040,6,01000,0000,00,0000,00
|1.2|30/06/2026
|1|141053,6,00000,0000,00,0000,00
|1.1|062,1
|1.1|061,1
|1|141057,6,00000,0000,00,0000,00
|1.1|062,1
|1.1|061,1
|1|141066,6,00000,0000,00,0000,00
|1.1|062,1
|1.1|061,1
|1|141069,6,00000,0000,00,0000,00
|1.1|062,1
|1.1|061,1
|1|141079,6,01000,0000,00,0000,00
|1.2|29/06/2026
|1|141109,6,01000,0000,00,0000,00
|1.2|02/07/2026
|1|141114,6,01000,0000,00,0000,00
|1.2|30/06/2026
|1|141116,6,00000,0000,00,0000,00
|1.1|062,1
|1.1|061,1
|1|141123,6,00000,0000,00,0000,00
|1.1|062,1
|1.1|061,1
|1|141124,6,01000,0000,00,0000,00
|1.2|03/07/2026
|1|141147,6,00000,0000,00,0000,00
|1.1|062,1
|1.1|061,1
|1|141150,6,00000,0000,00,0000,00
|1.1|062,1
|1.1|061,1
|1|141154,6,01000,0000,00,0000,00
|1.2|03/07/2026
|1|141160,6,01000,0000,00,0000,00
|1.2|02/07/2026
|1|141165,6,02000,0000,00,0000,00
|1.2|02/07/2026
|1.2|03/07/2026
|1|141166,6,00000,0000,00,0000,00
|1.1|062,1
|1.1|061,1
|1|141170,6,00000,0000,00,0000,00
|1.1|062,1
|1.1|061,1
|1|141181,6,00000,0000,00,0000,00
|1.1|062,1
|1.1|061,1
|1|141186,6,00000,0000,00,0000,00
|1.1|062,1
|1.1|061,1
|1|141191,6,00000,0000,00,0000,00
|1.1|062,1
|1.1|061,1
|1|141198,6,00000,0000,00,0000,00
|1.1|062,1
|1.1|061,1
|1|141206,6,00000,0000,00,0000,00
|1.1|062,1
|1.1|061,1
|1|141207,6,00000,0000,00,0000,00
|1.1|062,1
|1.1|061,1
|1|141209,6,01000,0000,00,0000,00
|1.2|03/07/2026
|1|141215,6,00000,0406,02,0000,00
|1.1|062,1
|1.1|061,1
|1|141216,6,00000,0000,00,0000,00
|1.1|062,1
|1.1|061,1
|1|141222,6,00000,0000,00,0000,00
|1.1|062,1
|1.1|061,1
|1|141238,6,00000,0000,00,0000,00
|1.1|062,1
|1.1|061,1
|1|141240,6,00000,0000,00,0000,00
|1.1|062,1
|1.1|061,1
|1|141245,6,00000,0000,00,0000,00
|1.1|062,1
|1.1|061,1
|1|141249,6,00000,0000,00,0000,00
|1.1|062,1
|1.1|061,1
|1|141252,6,00000,0000,00,0000,00
|1.1|062,1
|1.1|061,1
|1|141257,6,00000,0000,00,0000,00
|1.1|062,1
|1.1|061,1
|1|141259,6,02000,0900,03,0000,00
|1.2|29/06/2026
|1.2|30/06/2026
|1|141260,6,00000,0000,00,0000,00
|1.1|062,1
|1.1|061,1
|1|141261,6,00000,0000,00,0000,00
|1.1|062,1
|1.1|061,1
|1|141263,6,00000,0237,01,0000,00
|1.1|062,1
|1.1|061,1
|1|141268,6,00000,0000,00,0000,00
|1.1|062,1
|1.1|061,1
|1|141269,6,00000,0000,00,0000,00
|1.1|062,1
|1.1|061,1
|1|141272,6,00000,0000,00,0000,00
|1.1|062,1
|1.1|061,1
|1|141273,6,00000,0000,00,0000,00
|1.1|062,1
|1.1|061,1
|1|141280,6,01000,0000,00,0000,00
|1.2|30/06/2026
|1|141281,6,00000,0000,00,0000,00
|1.1|062,1
|1.1|061,1
|1|141288,6,00000,0000,00,0000,00
|1.1|062,1
|1.1|061,1
|1|141289,6,00000,0000,00,0000,00
|1.1|062,1
|1.1|061,1
|1|141297,6,00000,0000,00,0000,00
|1.1|062,1
|1.1|061,1
|1|141302,6,00000,0000,00,0000,00
|1.1|062,1
|1.1|061,1
|1|141304,6,01000,0000,00,0000,00
|1.2|29/06/2026
|1|141309,6,00000,0000,00,0000,00
|1.1|062,1
|1.1|061,1
|1|141312,6,00000,0000,00,0000,00
|1.1|062,1
|1.1|061,1
|1|141313,6,00000,0000,00,0000,00
|1.1|062,1
|1.1|061,1
|1|141314,6,00000,0000,00,0000,00
|1.1|062,1
|1.1|061,1
|1|141316,6,00000,0900,05,0000,00
|1.1|062,1
|1.1|061,1
|1|141317,6,00000,0000,00,0000,00
|1.1|062,1
|1.1|061,1
|1|141318,6,00000,0102,00,0000,00
|1.1|062,1
|1.1|061,1
|1|141321,6,01000,0000,00,0000,00
|1.2|01/07/2026
|1|141322,6,00000,0000,00,0000,00
|1.1|062,1
|1.1|061,1
|1|141323,6,00000,0000,00,0000,00
|1.1|062,1
|1.1|061,1
|1|141325,6,01000,0000,00,0000,00
|1.2|30/06/2026
|1|141328,6,00000,0000,00,0000,00
|1.1|062,1
|1|141329,6,01000,0000,00,0000,00
|1.2|29/06/2026
|1|141331,6,01000,0507,03,0000,00
|1.2|03/07/2026
|1|141332,6,00000,0402,02,0000,00
|1.1|062,1
|1.1|061,1
|1|141334,6,00000,0000,00,0000,00
|1.1|062,1
|1|141335,6,01000,0000,00,0000,00
|1.2|03/07/2026
|1|141337,6,00000,0000,00,0000,00
|1.1|062,1
|1.1|061,1
|1|141338,6,00000,0000,00,0000,00
|1.1|062,1
|1.1|061,1
|1|141339,6,00000,0000,00,0000,00
|1.1|062,1
|1.1|061,1
|1|141345,6,01000,0000,00,0000,00
|1.2|29/06/2026
|1|141346,6,00000,0000,00,0000,00
|1.1|062,1
|1.1|061,1
|1|141347,6,00000,0000,00,0000,00
|1.1|062,1
|1.1|061,1
|1|141349,6,00000,0000,00,0000,00
|1.1|062,1
|1.1|061,1
|1|141351,6,00000,0000,00,0000,00
|1.1|062,1
|1.1|061,1
|1|141352,6,00000,0000,00,0000,00
|1.1|062,1
|1.1|061,1
|1|141353,6,00000,0000,00,0000,00
|1.1|062,1
|1.1|061,1
|1|141358,6,00000,0000,00,0000,00
|1.1|062,1
|1.1|061,1
|1|141359,6,00000,0000,00,0000,00
|1.1|062,1
|1.1|061,1
|1|141360,6,00000,0000,00,0000,00
|1.1|062,1
|1.1|061,1
|1|141362,6,01000,0210,01,0000,00
|1.2|30/06/2026
|1|141370,6,00000,0236,01,0000,00
|1.1|062,1
|1.1|061,1
|1|141371,6,00000,0900,05,0000,00
|1.1|062,1
|1.1|061,1
|1|141373,6,02000,0000,00,0000,00
|1.2|30/06/2026
|1.2|01/07/2026
|1|141374,6,00000,0400,02,0000,00
|1.1|062,1
|1.1|061,1
|1|141375,6,00000,0000,00,0000,00
|1.1|062,1
|1.1|061,1
|1|141376,6,01000,0000,00,0000,00
|1.2|29/06/2026
|1|141377,6,00000,0000,00,0000,00
|1.1|062,1
|1.1|061,1
|1|141378,6,00000,0308,02,0000,00
|1.1|062,1
|1|141379,6,00000,0000,00,0000,00
|1.1|062,1
|1.1|061,1
|1|141380,6,00000,0000,00,0000,00
|1.1|062,1
|1|141381,6,00000,0000,00,0000,00
|1.1|062,1
|1.1|061,1
|1|141382,6,01000,0401,02,0000,00
|1.2|03/07/2026
|1|141383,6,00000,0000,00,0000,00
|1.1|062,1
|1.1|061,1
|1|141390,6,00000,0619,03,0000,00
|1.1|062,1
|1.1|061,1
|1|141391,6,00000,0000,00,0000,00
|1.1|062,1
|1.1|061,1
|1|141392,6,00000,0000,00,0000,00
|1.1|062,1
|1.1|061,1
|1|141395,6,00000,0000,00,0000,00
|1.1|062,1
|1|141396,6,00000,0000,00,0000,00
|1.1|062,1
|1.1|061,1
|1|141402,6,00000,0000,00,0000,00
|1.1|062,1
|1.1|061,1
|1|141403,6,00000,0000,00,0000,00
|1.1|062,1
|1.1|061,1
|1|141405,6,02000,0000,00,0000,00
|1.2|02/07/2026
|1.2|03/07/2026
|1|141406,6,00000,0000,00,0000,00
|1.1|062,1
|1.1|061,1
|1|141407,6,00000,0000,00,0000,00
|1.1|062,1
|1.1|061,1
|1|141409,6,00000,0000,00,0000,00
|1.1|062,1
|1|141410,6,00000,0000,00,0000,00
|1.1|062,1
|1.1|061,1
|1|141411,6,00000,0000,00,0000,00
|1.1|062,1
|1.1|061,1
|1|141413,6,00000,0000,00,0000,00
|1.1|062,1
|1.1|061,1
|1|141414,6,00000,0000,00,0000,00
|1.1|062,1
|1.1|061,1
|1|141416,6,00000,0000,00,0000,00
|1.1|062,1
|1.1|061,1
|1|141418,6,00000,0000,00,0000,00
|1.1|062,1
|1.1|061,1
|1|141419,6,00000,0000,00,0000,00
|1.1|062,1
|1.1|061,1
|1|141421,6,00000,0000,00,0000,00
|1.1|062,1
|1.1|061,1
|1|141423,6,00000,0000,00,0000,00
|1.1|062,1
|1.1|061,1
|1|141425,6,00000,0000,00,0000,00
|1.1|062,1
|1.1|061,1
|1|141426,6,00000,0000,00,0000,00
|1.1|062,1
|1.1|061,1
|1|141429,6,00000,0000,00,0000,00
|1.1|062,1
|1.1|061,1
|1|141431,6,00000,0000,00,0000,00
|1.1|062,1
|1.1|061,1
|1|141435,6,00000,0000,00,0000,00
|1.1|062,1
|1.1|061,1
|1|141436,6,00000,0000,00,0000,00
|1.1|062,1
|1.1|061,1
|1|141441,6,00000,0000,00,0000,00
|1.1|062,1
|1.1|061,1
|1|141447,6,00000,0000,00,0000,00
|1.1|062,1
|1.1|061,1
|1|141451,6,01000,0000,00,0000,00
|1.2|29/06/2026
|1|141452,6,00000,0000,00,0000,00
|1.1|062,1
|1.1|061,1
|1|141454,6,00000,0000,00,0000,00
|1.1|062,1
|1.1|061,1
